3.4959456517136e-06 4.82879286891757e-06 6.56022821134882e-06 8.76608716427487e-06 1.15212364126884e-05 1.48935716276965e-05 1.89367347047332e-05 2.3681968435072e-05 2.9129764081851e-05 3.52421668696384e-05 4.19367437146041e-05 4.90832458072942e-05 5.65038850215687e-05 6.3977875014221e-05 7.12504775096512e-05 7.80462811040981e-05 8.40858879688366e-05 8.91046733070411e-05 9.28718969139282e-05 9.52082574300245e-05 9.60000332008417e-05 9.52082574300245e-05 9.28718969139282e-05 8.91046733070411e-05 8.40858879688366e-05 7.80462811040981e-05 7.12504775096512e-05 6.3977875014221e-05 5.65038850215687e-05 4.90832458072942e-05 4.19367437146041e-05 3.52421668696384e-05 2.9129764081851e-05 2.3681968435072e-05 1.89367347047332e-05 1.48935716276965e-05 1.15212364126884e-05 8.76608716427487e-06 6.56022821134882e-06 4.82879286891757e-06 3.4959456517136e-06
4.82879286891757e-06 6.66979492643994e-06 9.06134887706435e-06 1.21082028739239e-05 1.59137669098012e-05 2.05718222287815e-05 2.61564619741666e-05 3.27108404117075e-05 4.02356361011348e-05 4.86784238141395e-05 5.7925342430722e-05 6.77964851145253e-05 7.80462811040981e-05 8.83697681300449e-05 9.84150876421465e-05 0.000107801826225838 0.00011614406419662 0.000123076287196103 0.000128279784132515 0.000131506894083099 0.000132600538429094 0.000131506894083099 0.000128279784132515 0.000123076287196103 0.00011614406419662 0.000107801826225838 9.84150876421465e-05 8.83697681300449e-05 7.80462811040981e-05 6.77964851145253e-05 5.7925342430722e-05 4.86784238141395e-05 4.02356361011348e-05 3.27108404117075e-05 2.61564619741666e-05 2.05718222287815e-05 1.59137669098012e-05 1.21082028739239e-05 9.06134887706435e-06 6.66979492643994e-06 4.82879286891757e-06
6.56022821134882e-06 9.06134887706435e-06 1.23104299873431e-05 1.64497787000866e-05 2.16198841955938e-05 2.79481543747303e-05 3.55352495768709e-05 4.44397976701609e-05 5.4662720521992e-05 6.6132795060455e-05 7.86953335712753e-05 9.21059209521027e-05 0.000106030933400698 0.000120056059900334 0.00013370327779603 0.000146455770798095 0.000157789241992103 0.000167207116422232 0.000174276404405083 0.000178660642518757 0.00018014642927469 0.000178660642518757 0.000174276404405083 0.000167207116422232 0.000157789241992103 0.000146455770798095 0.00013370327779603 0.000120056059900334 0.000106030933400698 9.21059209521027e-05 7.86953335712753e-05 6.6132795060455e-05 5.4662720521992e-05 4.44397976701609e-05 3.55352495768709e-05 2.79481543747303e-05 2.16198841955938e-05 1.64497787000866e-05 1.23104299873431e-05 9.06134887706435e-06 6.56022821134882e-06
8.76608716427487e-06 1.21082028739239e-05 1.64497787000866e-05 2.19809721967497e-05 2.88895116502567e-05 3.7345645522768e-05 4.74838809199084e-05 5.93825591715616e-05 7.30429121205308e-05 8.83697681300449e-05 0.000105156426161225 0.000123076287196103 0.000141683547333308 0.000160424584599832 0.000178660642518757 0.000195701126723943 0.000210845446884727 0.000223430056062481 0.000232876372966493 0.000238734799261315 0.000240720177786334 0.000238734799261315 0.000232876372966493 0.000223430056062481 0.000210845446884727 0.000195701126723943 0.000178660642518757 0.000160424584599832 0.000141683547333308 0.000123076287196103 0.000105156426161225 8.83697681300449e-05 7.30429121205308e-05 5.93825591715616e-05 4.74838809199084e-05 3.7345645522768e-05 2.88895116502567e-05 2.19809721967497e-05 1.64497787000866e-05 1.21082028739239e-05 8.76608716427487e-06
1.15212364126884e-05 1.59137669098012e-05 2.16198841955938e-05 2.88895116502567e-05 3.796937987637e-05 4.90832458072942e-05 6.24078916417511e-05 7.80462811040981e-05 9.60000332008419e-05 0.00011614406419662 0.000138206707669339 0.00016175871571995 0.000186214169905576 0.000210845446884727 0.000234813031347686 0.000257209277635851 0.000277113402430881 0.000293653308409581 0.000306068568290161 0.000313768276618871 0.000316377652378746 0.000313768276618871 0.000306068568290161 0.000293653308409581 0.000277113402430881 0.000257209277635851 0.000234813031347686 0.000210845446884727 0.000186214169905576 0.00016175871571995 0.000138206707669339 0.00011614406419662 9.60000332008419e-05 7.80462811040981e-05 6.24078916417511e-05 4.90832458072942e-05 3.796937987637e-05 2.88895116502567e-05 2.16198841955938e-05 1.59137669098012e-05 1.15212364126884e-05
1.48935716276965e-05 2.05718222287815e-05 2.79481543747303e-05 3.7345645522768e-05 4.90832458072942e-05 6.34502071622875e-05 8.06750569996378e-05 0.000100890897145299 0.000124099820498722 0.000150140130562645 0.000178660642518757 0.000209106465025406 0.000240720177786334 0.000272561177730281 0.00030354421836547 0.000332495980688216 0.000358226162563046 0.000379607398533331 0.000395656679676824 0.000405610138958305 0.000408983294702291 0.000405610138958305 0.000395656679676824 0.000379607398533331 0.000358226162563046 0.000332495980688216 0.00030354421836547 0.000272561177730281 0.000240720177786334 0.000209106465025406 0.000178660642518757 0.000150140130562645 0.000124099820498722 0.000100890897145299 8.06750569996378e-05 6.34502071622875e-05 4.90832458072942e-05 3.7345645522768e-05 2.79481543747303e-05 2.05718222287815e-05 1.48935716276965e-05
1.89367347047332e-05 2.61564619741666e-05 3.55352495768709e-05 4.74838809199084e-05 6.24078916417511e-05 8.06750569996378e-05 0.000102575942821558 0.000128279784132515 0.000157789241992103 0.00019089872409863 0.000227161709368847 0.000265872669915318 0.000306068568290161 0.000346553455578759 0.000385947473046232 0.000422758780370312 0.000455473943680239 0.000482659551226226 0.000503065736311529 0.000515721264650834 0.000520010132159473 0.000515721264650834 0.000503065736311529 0.000482659551226226 0.000455473943680239 0.000422758780370312 0.000385947473046232 0.000346553455578759 0.000306068568290161 0.000265872669915318 0.000227161709368847 0.00019089872409863 0.000157789241992103 0.000128279784132515 0.000102575942821558 8.06750569996378e-05 6.24078916417511e-05 4.74838809199084e-05 3.55352495768709e-05 2.61564619741666e-05 1.89367347047332e-05
2.3681968435072e-05 3.27108404117075e-05 4.44397976701609e-05 5.93825591715616e-05 7.80462811040981e-05 0.000100890897145299 0.000128279784132515 0.000160424584599832 0.000197328626424539 0.000238734799261315 0.000284084691199976 0.000332495980688216 0.000382764308959957 0.000433394042006086 0.000482659551226226 0.000528695165691728 0.00056960820993796 0.000603606082846397 0.000629125721717907 0.000644952516956564 0.000650316104002878 0.000644952516956564 0.000629125721717907 0.000603606082846397 0.00056960820993796 0.000528695165691728 0.000482659551226226 0.000433394042006086 0.000382764308959957 0.000332495980688216 0.000284084691199976 0.000238734799261315 0.000197328626424539 0.000160424584599832 0.000128279784132515 0.000100890897145299 7.80462811040981e-05 5.93825591715616e-05 4.44397976701609e-05 3.27108404117075e-05 2.3681968435072e-05
2.9129764081851e-05 4.02356361011348e-05 5.4662720521992e-05 7.30429121205308e-05 9.60000332008419e-05 0.000124099820498722 0.000157789241992103 0.000197328626424539 0.000242722067217596 0.000293653308409581 0.000349435481117583 0.000408983294702291 0.000470815339929422 0.000533091927418521 0.000593690465284554 0.000650316104002878 0.00070064077739439 0.000742459514710197 0.000773849686596425 0.000793317274889932 0.000799914700510186 0.000793317274889932 0.000773849686596425 0.000742459514710197 0.00070064077739439 0.000650316104002878 0.000593690465284554 0.000533091927418521 0.000470815339929422 0.000408983294702291 0.000349435481117583 0.000293653308409581 0.000242722067217596 0.000197328626424539 0.000157789241992103 0.000124099820498722 9.60000332008419e-05 7.30429121205308e-05 5.4662720521992e-05 4.02356361011348e-05 2.9129764081851e-05
3.52421668696384e-05 4.86784238141395e-05 6.6132795060455e-05 8.83697681300449e-05 0.00011614406419662 0.000150140130562645 0.00019089872409863 0.000238734799261315 0.000293653308409581 0.000355271634459947 0.000422758780370312 0.000494801725077233 0.00056960820993796 0.000644952516956564 0.000718266663186174 0.000786774262602483 0.000847658742557084 0.00089825245538703 0.000936229339531118 0.000959781881641017 0.000967763668721946 0.000959781881641017 0.000936229339531118 0.00089825245538703 0.000847658742557084 0.000786774262602483 0.000718266663186174 0.000644952516956564 0.00056960820993796 0.000494801725077233 0.000422758780370312 0.000355271634459947 0.000293653308409581 0.000238734799261315 0.00019089872409863 0.000150140130562645 0.00011614406419662 8.83697681300449e-05 6.6132795060455e-05 4.86784238141395e-05 3.52421668696384e-05
4.19367437146041e-05 5.7925342430722e-05 7.86953335712753e-05 0.000105156426161225 0.000138206707669339 0.000178660642518757 0.000227161709368847 0.000284084691199976 0.000349435481117583 0.000422758780370312 0.000503065736311529 0.000588793907334474 0.000677810578624838 0.00076746723638602 0.000854708085464881 0.000936229339531118 0.00100867939180792 0.00106888385018779 0.00111407479611688 0.00114210136230233 0.00115159936395573 0.00114210136230233 0.00111407479611688 0.00106888385018779 0.00100867939180792 0.000936229339531118 0.000854708085464881 0.00076746723638602 0.000677810578624838 0.000588793907334474 0.000503065736311529 0.000422758780370312 0.000349435481117583 0.000284084691199976 0.000227161709368847 0.000178660642518757 0.000138206707669339 0.000105156426161225 7.86953335712753e-05 5.7925342430722e-05 4.19367437146041e-05
4.90832458072942e-05 6.77964851145253e-05 9.21059209521027e-05 0.000123076287196103 0.00016175871571995 0.000209106465025406 0.000265872669915318 0.000332495980688216 0.000408983294702291 0.000494801725077233 0.000588793907334474 0.000689131141898149 0.000793317274889932 0.00089825245538703 0.00100036014569594 0.00109577355640523 0.00118056992850446 0.00125103391706458 0.00130392591846547 0.00133672853295972 0.00134784510302546 0.00133672853295972 0.00130392591846547 0.00125103391706458 0.00118056992850446 0.00109577355640523 0.00100036014569594 0.00089825245538703 0.000793317274889932 0.000689131141898149 0.000588793907334474 0.000494801725077233 0.000408983294702291 0.000332495980688216 0.000265872669915318 0.000209106465025406 0.00016175871571995 0.000123076287196103 9.21059209521027e-05 6.77964851145253e-05 4.90832458072942e-05
5.65038850215687e-05 7.80462811040981e-05 0.000106030933400698 0.000141683547333308 0.000186214169905576 0.000240720177786334 0.000306068568290161 0.000382764308959957 0.000470815339929422 0.00056960820993796 0.000677810578624838 0.000793317274889932 0.000913254764405645 0.00103405454600127 0.00115159936395573 0.0012614378291909 0.00135905412127868 0.0014401711917225 0.00150105965817499 0.00153882152838763 0.00155161875453878 0.00153882152838763 0.00150105965817499 0.0014401711917225 0.00135905412127868 0.0012614378291909 0.00115159936395573 0.00103405454600127 0.000913254764405645 0.000793317274889932 0.000677810578624838 0.00056960820993796 0.000470815339929422 0.000382764308959957 0.000306068568290161 0.000240720177786334 0.000186214169905576 0.000141683547333308 0.000106030933400698 7.80462811040981e-05 5.65038850215687e-05
6.3977875014221e-05 8.83697681300449e-05 0.000120056059900334 0.000160424584599832 0.000210845446884727 0.000272561177730281 0.000346553455578759 0.000433394042006086 0.000533091927418521 0.000644952516956564 0.00076746723638602 0.00089825245538703 0.00103405454600127 0.00117083298744331 0.00130392591846547 0.00142829314733632 0.00153882152838763 0.00163066827118052 0.00169961069337003 0.00174236747393203 0.00175685743926653 0.00174236747393203 0.00169961069337003 0.00163066827118052 0.00153882152838763 0.00142829314733632 0.00130392591846547 0.00117083298744331 0.00103405454600127 0.00089825245538703 0.00076746723638602 0.000644952516956564 0.000533091927418521 0.000433394042006086 0.000346553455578759 0.000272561177730281 0.000210845446884727 0.000160424584599832 0.000120056059900334 8.83697681300449e-05 6.3977875014221e-05
7.12504775096512e-05 9.84150876421465e-05 0.00013370327779603 0.000178660642518757 0.000234813031347686 0.00030354421836547 0.000385947473046232 0.000482659551226226 0.000593690465284554 0.000718266663186174 0.000854708085464881 0.00100036014569594 0.00115159936395573 0.00130392591846547 0.00145214801690779 0.00159065253025135 0.00171374508258329 0.00181603238550239 0.00189281174868979 0.00194042885118249 0.00195656594465351 0.00194042885118249 0.00189281174868979 0.00181603238550239 0.00171374508258329 0.00159065253025135 0.00145214801690779 0.00130392591846547 0.00115159936395573 0.00100036014569594 0.000854708085464881 0.000718266663186174 0.000593690465284554 0.000482659551226226 0.000385947473046232 0.00030354421836547 0.000234813031347686 0.000178660642518757 0.00013370327779603 9.84150876421465e-05 7.12504775096512e-05
7.80462811040981e-05 0.000107801826225838 0.000146455770798095 0.000195701126723943 0.000257209277635851 0.000332495980688216 0.000422758780370312 0.000528695165691728 0.000650316104002878 0.000786774262602483 0.000936229339531118 0.00109577355640523 0.0012614378291909 0.00142829314733632 0.00159065253025135 0.00174236747393203 0.00187720047824163 0.001989243847999 0.00207334635470158 0.00212550513168669 0.00214318136596977 0.00212550513168669 0.00207334635470158 0.001989243847999 0.00187720047824163 0.00174236747393203 0.00159065253025135 0.00142829314733632 0.0012614378291909 0.00109577355640523 0.000936229339531118 0.000786774262602483 0.000650316104002878 0.000528695165691728 0.000422758780370312 0.000332495980688216 0.000257209277635851 0.000195701126723943 0.000146455770798095 0.000107801826225838 7.80462811040981e-05
8.40858879688366e-05 0.00011614406419662 0.000157789241992103 0.000210845446884727 0.000277113402430881 0.000358226162563046 0.000455473943680239 0.00056960820993796 0.00070064077739439 0.000847658742557084 0.00100867939180792 0.00118056992850446 0.00135905412127868 0.00153882152838763 0.00171374508258329 0.00187720047824163 0.00202246752664534 0.00214318136596977 0.00223379214019819 0.00228998722106708 0.00230903132969868 0.00228998722106708 0.00223379214019819 0.00214318136596977 0.00202246752664534 0.00187720047824163 0.00171374508258329 0.00153882152838763 0.00135905412127868 0.00118056992850446 0.00100867939180792 0.000847658742557084 0.00070064077739439 0.00056960820993796 0.000455473943680239 0.000358226162563046 0.000277113402430881 0.000210845446884727 0.000157789241992103 0.00011614406419662 8.40858879688366e-05
8.91046733070411e-05 0.000123076287196103 0.000167207116422232 0.000223430056062481 0.000293653308409581 0.000379607398533331 0.000482659551226226 0.000603606082846397 0.000742459514710197 0.00089825245538703 0.00106888385018779 0.00125103391706458 0.0014401711917225 0.00163066827118052 0.00181603238550239 0.001989243847999 0.00214318136596977 0.00227110018179566 0.00236711918844175 0.00242666835231739 0.00244684913555026 0.00242666835231739 0.00236711918844175 0.00227110018179566 0.00214318136596977 0.001989243847999 0.00181603238550239 0.00163066827118052 0.0014401711917225 0.00125103391706458 0.00106888385018779 0.00089825245538703 0.000742459514710197 0.000603606082846397 0.000482659551226226 0.000379607398533331 0.000293653308409581 0.000223430056062481 0.000167207116422232 0.000123076287196103 8.91046733070411e-05
9.28718969139282e-05 0.000128279784132515 0.000174276404405083 0.000232876372966493 0.000306068568290161 0.000395656679676824 0.000503065736311529 0.000629125721717907 0.000773849686596425 0.000936229339531118 0.00111407479611688 0.00130392591846547 0.00150105965817499 0.00169961069337003 0.00189281174868979 0.00207334635470158 0.00223379214019819 0.00236711918844175 0.00246719774724287 0.00252926456824688 0.00255029856736819 0.00252926456824688 0.00246719774724287 0.00236711918844175 0.00223379214019819 0.00207334635470158 0.00189281174868979 0.00169961069337003 0.00150105965817499 0.00130392591846547 0.00111407479611688 0.000936229339531118 0.000773849686596425 0.000629125721717907 0.000503065736311529 0.000395656679676824 0.000306068568290161 0.000232876372966493 0.000174276404405083 0.000128279784132515 9.28718969139282e-05
9.52082574300245e-05 0.000131506894083099 0.000178660642518757 0.000238734799261315 0.000313768276618871 0.000405610138958305 0.000515721264650834 0.000644952516956564 0.000793317274889932 0.000959781881641017 0.00114210136230233 0.00133672853295972 0.00153882152838763 0.00174236747393203 0.00194042885118249 0.00212550513168669 0.00228998722106708 0.00242666835231739 0.00252926456824688 0.00259289279237468 0.0026144559397817 0.00259289279237468 0.00252926456824688 0.00242666835231739 0.00228998722106708 0.00212550513168669 0.00194042885118249 0.00174236747393203 0.00153882152838763 0.00133672853295972 0.00114210136230233 0.000959781881641017 0.000793317274889932 0.000644952516956564 0.000515721264650834 0.000405610138958305 0.000313768276618871 0.000238734799261315 0.000178660642518757 0.000131506894083099 9.52082574300245e-05
9.60000332008417e-05 0.000132600538429094 0.00018014642927469 0.000240720177786334 0.000316377652378746 0.000408983294702291 0.000520010132159473 0.000650316104002878 0.000799914700510186 0.000967763668721946 0.00115159936395573 0.00134784510302546 0.00155161875453878 0.00175685743926653 0.00195656594465351 0.00214318136596977 0.00230903132969868 0.00244684913555026 0.00255029856736819 0.0026144559397817 0.00263619841173598 0.0026144559397817 0.00255029856736819 0.00244684913555026 0.00230903132969868 0.00214318136596977 0.00195656594465351 0.00175685743926653 0.00155161875453878 0.00134784510302546 0.00115159936395573 0.000967763668721946 0.000799914700510186 0.000650316104002878 0.000520010132159473 0.000408983294702291 0.000316377652378746 0.000240720177786334 0.00018014642927469 0.000132600538429094 9.60000332008417e-05
9.52082574300245e-05 0.000131506894083099 0.000178660642518757 0.000238734799261315 0.000313768276618871 0.000405610138958305 0.000515721264650834 0.000644952516956564 0.000793317274889932 0.000959781881641017 0.00114210136230233 0.00133672853295972 0.00153882152838763 0.00174236747393203 0.00194042885118249 0.00212550513168669 0.00228998722106708 0.00242666835231739 0.00252926456824688 0.00259289279237468 0.0026144559397817 0.00259289279237468 0.00252926456824688 0.00242666835231739 0.00228998722106708 0.00212550513168669 0.00194042885118249 0.00174236747393203 0.00153882152838763 0.00133672853295972 0.00114210136230233 0.000959781881641017 0.000793317274889932 0.000644952516956564 0.000515721264650834 0.000405610138958305 0.000313768276618871 0.000238734799261315 0.000178660642518757 0.000131506894083099 9.52082574300245e-05
9.28718969139282e-05 0.000128279784132515 0.000174276404405083 0.000232876372966493 0.000306068568290161 0.000395656679676824 0.000503065736311529 0.000629125721717907 0.000773849686596425 0.000936229339531118 0.00111407479611688 0.00130392591846547 0.00150105965817499 0.00169961069337003 0.00189281174868979 0.00207334635470158 0.00223379214019819 0.00236711918844175 0.00246719774724287 0.00252926456824688 0.00255029856736819 0.00252926456824688 0.00246719774724287 0.00236711918844175 0.00223379214019819 0.00207334635470158 0.00189281174868979 0.00169961069337003 0.00150105965817499 0.00130392591846547 0.00111407479611688 0.000936229339531118 0.000773849686596425 0.000629125721717907 0.000503065736311529 0.000395656679676824 0.000306068568290161 0.000232876372966493 0.000174276404405083 0.000128279784132515 9.28718969139282e-05
8.91046733070411e-05 0.000123076287196103 0.000167207116422232 0.000223430056062481 0.000293653308409581 0.000379607398533331 0.000482659551226226 0.000603606082846397 0.000742459514710197 0.00089825245538703 0.00106888385018779 0.00125103391706458 0.0014401711917225 0.00163066827118052 0.00181603238550239 0.001989243847999 0.00214318136596977 0.00227110018179566 0.00236711918844175 0.00242666835231739 0.00244684913555026 0.00242666835231739 0.00236711918844175 0.00227110018179566 0.00214318136596977 0.001989243847999 0.00181603238550239 0.00163066827118052 0.0014401711917225 0.00125103391706458 0.00106888385018779 0.00089825245538703 0.000742459514710197 0.000603606082846397 0.000482659551226226 0.000379607398533331 0.000293653308409581 0.000223430056062481 0.000167207116422232 0.000123076287196103 8.91046733070411e-05
8.40858879688366e-05 0.00011614406419662 0.000157789241992103 0.000210845446884727 0.000277113402430881 0.000358226162563046 0.000455473943680239 0.00056960820993796 0.00070064077739439 0.000847658742557084 0.00100867939180792 0.00118056992850446 0.00135905412127868 0.00153882152838763 0.00171374508258329 0.00187720047824163 0.00202246752664534 0.00214318136596977 0.00223379214019819 0.00228998722106708 0.00230903132969868 0.00228998722106708 0.00223379214019819 0.00214318136596977 0.00202246752664534 0.00187720047824163 0.00171374508258329 0.00153882152838763 0.00135905412127868 0.00118056992850446 0.00100867939180792 0.000847658742557084 0.00070064077739439 0.00056960820993796 0.000455473943680239 0.000358226162563046 0.000277113402430881 0.000210845446884727 0.000157789241992103 0.00011614406419662 8.40858879688366e-05
7.80462811040981e-05 0.000107801826225838 0.000146455770798095 0.000195701126723943 0.000257209277635851 0.000332495980688216 0.000422758780370312 0.000528695165691728 0.000650316104002878 0.000786774262602483 0.000936229339531118 0.00109577355640523 0.0012614378291909 0.00142829314733632 0.00159065253025135 0.00174236747393203 0.00187720047824163 0.001989243847999 0.00207334635470158 0.00212550513168669 0.00214318136596977 0.00212550513168669 0.00207334635470158 0.001989243847999 0.00187720047824163 0.00174236747393203 0.00159065253025135 0.00142829314733632 0.0012614378291909 0.00109577355640523 0.000936229339531118 0.000786774262602483 0.000650316104002878 0.000528695165691728 0.000422758780370312 0.000332495980688216 0.000257209277635851 0.000195701126723943 0.000146455770798095 0.000107801826225838 7.80462811040981e-05
7.12504775096512e-05 9.84150876421465e-05 0.00013370327779603 0.000178660642518757 0.000234813031347686 0.00030354421836547 0.000385947473046232 0.000482659551226226 0.000593690465284554 0.000718266663186174 0.000854708085464881 0.00100036014569594 0.00115159936395573 0.00130392591846547 0.00145214801690779 0.00159065253025135 0.00171374508258329 0.00181603238550239 0.00189281174868979 0.00194042885118249 0.00195656594465351 0.00194042885118249 0.00189281174868979 0.00181603238550239 0.00171374508258329 0.00159065253025135 0.00145214801690779 0.00130392591846547 0.00115159936395573 0.00100036014569594 0.000854708085464881 0.000718266663186174 0.000593690465284554 0.000482659551226226 0.000385947473046232 0.00030354421836547 0.000234813031347686 0.000178660642518757 0.00013370327779603 9.84150876421465e-05 7.12504775096512e-05
6.3977875014221e-05 8.83697681300449e-05 0.000120056059900334 0.000160424584599832 0.000210845446884727 0.000272561177730281 0.000346553455578759 0.000433394042006086 0.000533091927418521 0.000644952516956564 0.00076746723638602 0.00089825245538703 0.00103405454600127 0.00117083298744331 0.00130392591846547 0.00142829314733632 0.00153882152838763 0.00163066827118052 0.00169961069337003 0.00174236747393203 0.00175685743926653 0.00174236747393203 0.00169961069337003 0.00163066827118052 0.00153882152838763 0.00142829314733632 0.00130392591846547 0.00117083298744331 0.00103405454600127 0.00089825245538703 0.00076746723638602 0.000644952516956564 0.000533091927418521 0.000433394042006086 0.000346553455578759 0.000272561177730281 0.000210845446884727 0.000160424584599832 0.000120056059900334 8.83697681300449e-05 6.3977875014221e-05
5.65038850215687e-05 7.80462811040981e-05 0.000106030933400698 0.000141683547333308 0.000186214169905576 0.000240720177786334 0.000306068568290161 0.000382764308959957 0.000470815339929422 0.00056960820993796 0.000677810578624838 0.000793317274889932 0.000913254764405645 0.00103405454600127 0.00115159936395573 0.0012614378291909 0.00135905412127868 0.0014401711917225 0.00150105965817499 0.00153882152838763 0.00155161875453878 0.00153882152838763 0.00150105965817499 0.0014401711917225 0.00135905412127868 0.0012614378291909 0.00115159936395573 0.00103405454600127 0.000913254764405645 0.000793317274889932 0.000677810578624838 0.00056960820993796 0.000470815339929422 0.000382764308959957 0.000306068568290161 0.000240720177786334 0.000186214169905576 0.000141683547333308 0.000106030933400698 7.80462811040981e-05 5.65038850215687e-05
4.90832458072942e-05 6.77964851145253e-05 9.21059209521027e-05 0.000123076287196103 0.00016175871571995 0.000209106465025406 0.000265872669915318 0.000332495980688216 0.000408983294702291 0.000494801725077233 0.000588793907334474 0.000689131141898149 0.000793317274889932 0.00089825245538703 0.00100036014569594 0.00109577355640523 0.00118056992850446 0.00125103391706458 0.00130392591846547 0.00133672853295972 0.00134784510302546 0.00133672853295972 0.00130392591846547 0.00125103391706458 0.00118056992850446 0.00109577355640523 0.00100036014569594 0.00089825245538703 0.000793317274889932 0.000689131141898149 0.000588793907334474 0.000494801725077233 0.000408983294702291 0.000332495980688216 0.000265872669915318 0.000209106465025406 0.00016175871571995 0.000123076287196103 9.21059209521027e-05 6.77964851145253e-05 4.90832458072942e-05
4.19367437146041e-05 5.7925342430722e-05 7.86953335712753e-05 0.000105156426161225 0.000138206707669339 0.000178660642518757 0.000227161709368847 0.000284084691199976 0.000349435481117583 0.000422758780370312 0.000503065736311529 0.000588793907334474 0.000677810578624838 0.00076746723638602 0.000854708085464881 0.000936229339531118 0.00100867939180792 0.00106888385018779 0.00111407479611688 0.00114210136230233 0.00115159936395573 0.00114210136230233 0.00111407479611688 0.00106888385018779 0.00100867939180792 0.000936229339531118 0.000854708085464881 0.00076746723638602 0.000677810578624838 0.000588793907334474 0.000503065736311529 0.000422758780370312 0.000349435481117583 0.000284084691199976 0.000227161709368847 0.000178660642518757 0.000138206707669339 0.000105156426161225 7.86953335712753e-05 5.7925342430722e-05 4.19367437146041e-05
3.52421668696384e-05 4.86784238141395e-05 6.6132795060455e-05 8.83697681300449e-05 0.00011614406419662 0.000150140130562645 0.00019089872409863 0.000238734799261315 0.000293653308409581 0.000355271634459947 0.000422758780370312 0.000494801725077233 0.00056960820993796 0.000644952516956564 0.000718266663186174 0.000786774262602483 0.000847658742557084 0.00089825245538703 0.000936229339531118 0.000959781881641017 0.000967763668721946 0.000959781881641017 0.000936229339531118 0.00089825245538703 0.000847658742557084 0.000786774262602483 0.000718266663186174 0.000644952516956564 0.00056960820993796 0.000494801725077233 0.000422758780370312 0.000355271634459947 0.000293653308409581 0.000238734799261315 0.00019089872409863 0.000150140130562645 0.00011614406419662 8.83697681300449e-05 6.6132795060455e-05 4.86784238141395e-05 3.52421668696384e-05
2.9129764081851e-05 4.02356361011348e-05 5.4662720521992e-05 7.30429121205308e-05 9.60000332008419e-05 0.000124099820498722 0.000157789241992103 0.000197328626424539 0.000242722067217596 0.000293653308409581 0.000349435481117583 0.000408983294702291 0.000470815339929422 0.000533091927418521 0.000593690465284554 0.000650316104002878 0.00070064077739439 0.000742459514710197 0.000773849686596425 0.000793317274889932 0.000799914700510186 0.000793317274889932 0.000773849686596425 0.000742459514710197 0.00070064077739439 0.000650316104002878 0.000593690465284554 0.000533091927418521 0.000470815339929422 0.000408983294702291 0.000349435481117583 0.000293653308409581 0.000242722067217596 0.000197328626424539 0.000157789241992103 0.000124099820498722 9.60000332008419e-05 7.30429121205308e-05 5.4662720521992e-05 4.02356361011348e-05 2.9129764081851e-05
2.3681968435072e-05 3.27108404117075e-05 4.44397976701609e-05 5.93825591715616e-05 7.80462811040981e-05 0.000100890897145299 0.000128279784132515 0.000160424584599832 0.000197328626424539 0.000238734799261315 0.000284084691199976 0.000332495980688216 0.000382764308959957 0.000433394042006086 0.000482659551226226 0.000528695165691728 0.00056960820993796 0.000603606082846397 0.000629125721717907 0.000644952516956564 0.000650316104002878 0.000644952516956564 0.000629125721717907 0.000603606082846397 0.00056960820993796 0.000528695165691728 0.000482659551226226 0.000433394042006086 0.000382764308959957 0.000332495980688216 0.000284084691199976 0.000238734799261315 0.000197328626424539 0.000160424584599832 0.000128279784132515 0.000100890897145299 7.80462811040981e-05 5.93825591715616e-05 4.44397976701609e-05 3.27108404117075e-05 2.3681968435072e-05
1.89367347047332e-05 2.61564619741666e-05 3.55352495768709e-05 4.74838809199084e-05 6.24078916417511e-05 8.06750569996378e-05 0.000102575942821558 0.000128279784132515 0.000157789241992103 0.00019089872409863 0.000227161709368847 0.000265872669915318 0.000306068568290161 0.000346553455578759 0.000385947473046232 0.000422758780370312 0.000455473943680239 0.000482659551226226 0.000503065736311529 0.000515721264650834 0.000520010132159473 0.000515721264650834 0.000503065736311529 0.000482659551226226 0.000455473943680239 0.000422758780370312 0.000385947473046232 0.000346553455578759 0.000306068568290161 0.000265872669915318 0.000227161709368847 0.00019089872409863 0.000157789241992103 0.000128279784132515 0.000102575942821558 8.06750569996378e-05 6.24078916417511e-05 4.74838809199084e-05 3.55352495768709e-05 2.61564619741666e-05 1.89367347047332e-05
1.48935716276965e-05 2.05718222287815e-05 2.79481543747303e-05 3.7345645522768e-05 4.90832458072942e-05 6.34502071622875e-05 8.06750569996378e-05 0.000100890897145299 0.000124099820498722 0.000150140130562645 0.000178660642518757 0.000209106465025406 0.000240720177786334 0.000272561177730281 0.00030354421836547 0.000332495980688216 0.000358226162563046 0.000379607398533331 0.000395656679676824 0.000405610138958305 0.000408983294702291 0.000405610138958305 0.000395656679676824 0.000379607398533331 0.000358226162563046 0.000332495980688216 0.00030354421836547 0.000272561177730281 0.000240720177786334 0.000209106465025406 0.000178660642518757 0.000150140130562645 0.000124099820498722 0.000100890897145299 8.06750569996378e-05 6.34502071622875e-05 4.90832458072942e-05 3.7345645522768e-05 2.79481543747303e-05 2.05718222287815e-05 1.48935716276965e-05
1.15212364126884e-05 1.59137669098012e-05 2.16198841955938e-05 2.88895116502567e-05 3.796937987637e-05 4.90832458072942e-05 6.24078916417511e-05 7.80462811040981e-05 9.60000332008419e-05 0.00011614406419662 0.000138206707669339 0.00016175871571995 0.000186214169905576 0.000210845446884727 0.000234813031347686 0.000257209277635851 0.000277113402430881 0.000293653308409581 0.000306068568290161 0.000313768276618871 0.000316377652378746 0.000313768276618871 0.000306068568290161 0.000293653308409581 0.000277113402430881 0.000257209277635851 0.000234813031347686 0.000210845446884727 0.000186214169905576 0.00016175871571995 0.000138206707669339 0.00011614406419662 9.60000332008419e-05 7.80462811040981e-05 6.24078916417511e-05 4.90832458072942e-05 3.796937987637e-05 2.88895116502567e-05 2.16198841955938e-05 1.59137669098012e-05 1.15212364126884e-05
8.76608716427487e-06 1.21082028739239e-05 1.64497787000866e-05 2.19809721967497e-05 2.88895116502567e-05 3.7345645522768e-05 4.74838809199084e-05 5.93825591715616e-05 7.30429121205308e-05 8.83697681300449e-05 0.000105156426161225 0.000123076287196103 0.000141683547333308 0.000160424584599832 0.000178660642518757 0.000195701126723943 0.000210845446884727 0.000223430056062481 0.000232876372966493 0.000238734799261315 0.000240720177786334 0.000238734799261315 0.000232876372966493 0.000223430056062481 0.000210845446884727 0.000195701126723943 0.000178660642518757 0.000160424584599832 0.000141683547333308 0.000123076287196103 0.000105156426161225 8.83697681300449e-05 7.30429121205308e-05 5.93825591715616e-05 4.74838809199084e-05 3.7345645522768e-05 2.88895116502567e-05 2.19809721967497e-05 1.64497787000866e-05 1.21082028739239e-05 8.76608716427487e-06
6.56022821134882e-06 9.06134887706435e-06 1.23104299873431e-05 1.64497787000866e-05 2.16198841955938e-05 2.79481543747303e-05 3.55352495768709e-05 4.44397976701609e-05 5.4662720521992e-05 6.6132795060455e-05 7.86953335712753e-05 9.21059209521027e-05 0.000106030933400698 0.000120056059900334 0.00013370327779603 0.000146455770798095 0.000157789241992103 0.000167207116422232 0.000174276404405083 0.000178660642518757 0.00018014642927469 0.000178660642518757 0.000174276404405083 0.000167207116422232 0.000157789241992103 0.000146455770798095 0.00013370327779603 0.000120056059900334 0.000106030933400698 9.21059209521027e-05 7.86953335712753e-05 6.6132795060455e-05 5.4662720521992e-05 4.44397976701609e-05 3.55352495768709e-05 2.79481543747303e-05 2.16198841955938e-05 1.64497787000866e-05 1.23104299873431e-05 9.06134887706435e-06 6.56022821134882e-06
4.82879286891757e-06 6.66979492643994e-06 9.06134887706435e-06 1.21082028739239e-05 1.59137669098012e-05 2.05718222287815e-05 2.61564619741666e-05 3.27108404117075e-05 4.02356361011348e-05 4.86784238141395e-05 5.7925342430722e-05 6.77964851145253e-05 7.80462811040981e-05 8.83697681300449e-05 9.84150876421465e-05 0.000107801826225838 0.00011614406419662 0.000123076287196103 0.000128279784132515 0.000131506894083099 0.000132600538429094 0.000131506894083099 0.000128279784132515 0.000123076287196103 0.00011614406419662 0.000107801826225838 9.84150876421465e-05 8.83697681300449e-05 7.80462811040981e-05 6.77964851145253e-05 5.7925342430722e-05 4.86784238141395e-05 4.02356361011348e-05 3.27108404117075e-05 2.61564619741666e-05 2.05718222287815e-05 1.59137669098012e-05 1.21082028739239e-05 9.06134887706435e-06 6.66979492643994e-06 4.82879286891757e-06
3.4959456517136e-06 4.82879286891757e-06 6.56022821134882e-06 8.76608716427487e-06 1.15212364126884e-05 1.48935716276965e-05 1.89367347047332e-05 2.3681968435072e-05 2.9129764081851e-05 3.52421668696384e-05 4.19367437146041e-05 4.90832458072942e-05 5.65038850215687e-05 6.3977875014221e-05 7.12504775096512e-05 7.80462811040981e-05 8.40858879688366e-05 8.91046733070411e-05 9.28718969139282e-05 9.52082574300245e-05 9.60000332008417e-05 9.52082574300245e-05 9.28718969139282e-05 8.91046733070411e-05 8.40858879688366e-05 7.80462811040981e-05 7.12504775096512e-05 6.3977875014221e-05 5.65038850215687e-05 4.90832458072942e-05 4.19367437146041e-05 3.52421668696384e-05 2.9129764081851e-05 2.3681968435072e-05 1.89367347047332e-05 1.48935716276965e-05 1.15212364126884e-05 8.76608716427487e-06 6.56022821134882e-06 4.82879286891757e-06 3.4959456517136e-06
